1241.7582417582419 232.967032967033

1241.7582417582419 573.6263736263737 
1479.1208791208792 617.5824175824176 
1624.1758241758243 703.2967032967033 
1670.3296703296705 920.8791208791209 
1661.5384615384617 1098.901098901099 
1567.0329670329672 1226.3736263736264 
1419.7802197802198 1287.912087912088 
1182.4175824175825 1314.2857142857144 
1032.967032967033 1274.7252747252749 
914.2857142857143 1173.6263736263738 
863.7362637362638 1021.9780219780221 
861.5384615384617 848.3516483516485 
973.6263736263737 690.1098901098902 
1103.2967032967033 610.989010989011 
1349.4505494505495 589.0109890109891 
1657.1428571428573 806.5934065934067 

1 0 
1 15 
2 15 
2 3 
3 16 
4 16 
4 5 
5 6 
6 7 
7 8 
8 9 
9 10 
10 11 
11 12 
12 13 
13 14 
1 14 

1 16 1
